2.69767e-01,1.22466e-02,3.16747e-03,0.00000e+00,1.32717e-01,1.70999e-02,2.86808e-01,8.69292e-02,1.91266e-01
3.54504e-01,2.90424e-02,2.53024e-01,1.40447e-01,1.59435e-02,4.11310e-02,1.30659e-01,1.99687e-02,1.52811e-02
7.10603e-02,5.60107e-04,1.82886e-03,7.02415e-01,2.04114e-03,1.17126e-01,5.12422e-02,4.06280e-02,1.30982e-02
2.40984e-01,1.10422e-01,6.18490e-02,1.23216e-01,2.54661e-01,2.52867e-02,5.77602e-02,7.11833e-02,5.46368e-02
1.45220e-01,1.10554e-02,8.06700e-03,2.91713e-02,2.45582e-01,4.45255e-02,7.85557e-02,3.95301e-01,4.25219e-02
1.44402e-01,5.28366e-02,1.43567e-01,1.41546e-01,1.12707e-01,1.60119e-01,1.14899e-01,1.26495e-01,3.42798e-03
2.10332e-01,3.36237e-02,5.65665e-02,2.31333e-02,2.28393e-02,2.08237e-01,2.05789e-01,3.94696e-02,2.00010e-01
3.03085e-01,6.28981e-02,1.27303e-01,2.28067e-01,8.77696e-03,1.15098e-01,9.18773e-02,5.86465e-02,4.24724e-03
2.23133e-01,8.39899e-03,3.45568e-02,2.00410e-01,0.00000e+00,1.91044e-01,1.15784e-01,1.70582e-01,5.60909e-02
2.50787e-01,4.45662e-02,1.06033e-02,1.26736e-01,2.28412e-01,3.22232e-02,2.09850e-01,3.17828e-02,6.50400e-02
3.77045e-02,2.37595e-02,3.86669e-02,7.42438e-02,2.59005e-01,7.09190e-04,2.55565e-01,2.65751e-02,2.83771e-01
1.34711e-01,2.91999e-03,6.71985e-02,3.03929e-01,1.98877e-01,1.14954e-02,1.75570e-01,6.56444e-02,3.96533e-02
3.41598e-01,1.72676e-02,2.97254e-03,6.10295e-02,3.34611e-01,5.22797e-02,7.07520e-02,8.09982e-02,3.84914e-02
6.72645e-02,3.36877e-02,4.96551e-01,1.42553e-01,3.12100e-02,8.90343e-02,1.80134e-03,1.10941e-02,1.26805e-01
4.08115e-02,6.48743e-02,3.52648e-02,2.98780e-02,2.34723e-01,3.80752e-01,5.13010e-03,3.33237e-02,1.75243e-01
3.08744e-02,2.29239e-02,5.47728e-04,1.35374e-01,4.01551e-02,6.99828e-02,8.56727e-02,5.05730e-01,1.08739e-01
3.02825e-03,6.06311e-01,2.10428e-02,1.73384e-03,3.13817e-01,9.71054e-03,0.00000e+00,2.28925e-02,2.14631e-02
1.07720e-01,1.07733e-01,6.76144e-02,7.18074e-02,1.16305e-01,8.14730e-02,9.58449e-02,1.53449e-01,1.98053e-01
2.25930e-01,7.52680e-02,3.71580e-01,1.92285e-02,7.13635e-02,8.66926e-02,2.23692e-02,5.25397e-02,7.50281e-02
3.12351e-02,2.95686e-02,5.47504e-02,6.21918e-02,9.64466e-02,5.54675e-02,3.09487e-01,1.74477e-01,1.86376e-01
3.80594e-01,1.04384e-01,2.62753e-02,7.22565e-02,5.20215e-02,1.41494e-01,1.17378e-01,1.04466e-01,1.13060e-03
8.12090e-03,2.87990e-01,2.74383e-02,0.00000e+00,0.00000e+00,2.47721e-01,1.19762e-01,4.60550e-02,2.62912e-01
6.50598e-02,2.82292e-01,7.24044e-03,5.25933e-02,2.13258e-01,6.35010e-02,2.16652e-01,2.10485e-02,7.83561e-02
4.20172e-01,3.17714e-02,2.40375e-02,2.29214e-01,6.22840e-03,6.99808e-02,6.09474e-02,2.90364e-02,1.28612e-01
3.08648e-01,4.99227e-02,7.27902e-02,2.56786e-01,9.47947e-03,6.69226e-02,1.16180e-01,6.43048e-02,5.49661e-02
4.13289e-01,1.42365e-02,5.97039e-02,3.48296e-01,1.83189e-02,5.89315e-02,4.07665e-02,3.41596e-02,1.22983e-02
1.17754e-01,7.38294e-01,7.59709e-04,3.18100e-03,1.28510e-02,3.23109e-02,3.11764e-03,2.11912e-02,7.05410e-02
1.03622e-01,1.41795e-02,7.66182e-02,1.63304e-01,3.87196e-02,2.77377e-01,2.65045e-01,1.13116e-02,4.98231e-02
1.04719e-01,1.95044e-03,1.50858e-02,1.22025e-01,8.24055e-02,2.36827e-01,1.69151e-01,5.09910e-02,2.16844e-01
8.14505e-02,0.00000e+00,3.62893e-01,2.26328e-01,7.29889e-04,9.72426e-02,1.07422e-01,6.16138e-02,6.23205e-02
1.40851e-01,5.85651e-02,5.92228e-01,4.28451e-02,6.73352e-03,3.21285e-02,9.60883e-02,3.43241e-03,2.71282e-02
1.22453e-01,2.39398e-01,1.32864e-01,1.06582e-01,5.13518e-02,3.05341e-02,2.77666e-02,1.89206e-01,9.98450e-02
1.39176e-01,4.21875e-02,3.03401e-02,1.31124e-02,1.75500e-02,4.15257e-01,2.93810e-01,2.74224e-02,2.11443e-02
2.81753e-03,8.33366e-01,0.00000e+00,8.23160e-03,5.63251e-02,8.72200e-04,3.63220e-02,6.07137e-02,1.35179e-03
2.66107e-01,8.32981e-02,0.00000e+00,4.03831e-03,7.75598e-04,5.12250e-02,1.84738e-01,1.01059e-01,3.08759e-01
3.29441e-02,1.17496e-02,0.00000e+00,3.45847e-02,9.40393e-02,7.76721e-02,3.78614e-01,0.00000e+00,3.70396e-01
2.74492e-01,2.22838e-02,2.00957e-01,2.16615e-01,4.37311e-02,1.54943e-01,3.78226e-02,3.83121e-02,1.08431e-02
4.64818e-02,4.87400e-02,6.42853e-01,1.42966e-02,1.65396e-01,2.23771e-02,4.17769e-02,6.70885e-03,1.13695e-02
9.80120e-02,1.13815e-01,7.15718e-03,7.12581e-02,4.90457e-02,3.21102e-01,2.04963e-01,1.23338e-01,1.13088e-02
6.55431e-02,1.30782e-02,2.58181e-01,1.57786e-01,1.42410e-01,3.71799e-02,2.13861e-02,2.66419e-01,3.80166e-02
6.58908e-04,5.80878e-01,3.81208e-03,1.26135e-01,3.35401e-02,0.00000e+00,1.18653e-01,1.01672e-01,3.46511e-02
2.28226e-01,3.75275e-03,1.39431e-01,2.14000e-01,1.43483e-02,1.78478e-01,1.25952e-01,7.50077e-02,2.08053e-02
1.69234e-02,1.53441e-03,1.29174e-03,4.41721e-02,1.01632e-02,5.48090e-02,7.32622e-01,2.50892e-02,1.13395e-01
0.00000e+00,4.20909e-03,1.00101e-01,6.69660e-02,4.49844e-01,1.01603e-01,6.42655e-02,3.74938e-02,1.75518e-01
0.00000e+00,1.25266e-01,2.36395e-01,6.97673e-02,1.83099e-02,4.91840e-02,1.65262e-01,3.18650e-01,1.71661e-02
1.14301e-01,3.54477e-02,9.02354e-03,2.37433e-01,1.97225e-01,1.74349e-01,7.24216e-02,3.70144e-02,1.22785e-01
3.59727e-02,1.55589e-02,2.32115e-01,1.99909e-01,4.83257e-02,1.40775e-02,5.72804e-02,3.75825e-01,2.09360e-02
6.78953e-02,5.44655e-01,0.00000e+00,1.79779e-02,3.00041e-02,0.00000e+00,1.21056e-01,1.28515e-02,2.05560e-01
7.30354e-04,7.65379e-02,1.86847e-01,8.32638e-03,3.98350e-01,1.53702e-01,8.12613e-02,3.22108e-02,6.20335e-02
5.06150e-02,3.34101e-01,9.36143e-03,1.24134e-01,8.94807e-02,2.58086e-02,1.51991e-01,1.90952e-02,1.95413e-01
2.49431e-01,0.00000e+00,1.85693e-02,3.23849e-01,1.63807e-03,2.65571e-02,2.91683e-02,2.70843e-01,7.99438e-02
1.30838e-01,3.16650e-01,1.44302e-02,3.14561e-01,4.37282e-02,1.66409e-02,5.53569e-02,2.47345e-02,8.30604e-02
3.09680e-02,2.20144e-02,5.83618e-03,0.00000e+00,5.23593e-02,6.26956e-01,1.20299e-01,2.36791e-02,1.17888e-01
1.47020e-01,1.70120e-01,0.00000e+00,4.05885e-02,4.85510e-01,2.28853e-02,1.33877e-01,0.00000e+00,0.00000e+00
2.25218e-01,1.46991e-03,1.90650e-01,2.17322e-01,0.00000e+00,6.77091e-02,7.05345e-02,1.53099e-01,7.39985e-02
2.58924e-01,0.00000e+00,1.03236e-02,4.86009e-02,5.68442e-04,1.08694e-01,2.43444e-01,2.56132e-01,7.33121e-02
8.44198e-02,2.28788e-01,2.91501e-01,1.85887e-01,4.20668e-02,2.32525e-02,8.32099e-02,2.80216e-02,3.28541e-02
2.65178e-01,9.88573e-03,2.45657e-03,7.80196e-03,2.12078e-01,0.00000e+00,2.46600e-01,7.86230e-02,1.77377e-01
4.45194e-02,1.01047e-01,6.22550e-02,5.44877e-03,1.46455e-01,1.37272e-01,2.38826e-01,3.57779e-02,2.28399e-01
1.68523e-01,1.24316e-01,1.40238e-02,1.54692e-01,2.00964e-02,2.37368e-01,3.54443e-02,2.13756e-01,3.17809e-02
1.01657e-01,2.16456e-02,0.00000e+00,1.05976e-02,4.62936e-02,3.58634e-01,1.58126e-01,3.09787e-02,2.72067e-01
2.76444e-01,5.15209e-03,5.88595e-02,3.87743e-01,4.30682e-02,3.98923e-03,5.97634e-02,1.40193e-01,2.47871e-02
1.76104e-01,8.29695e-02,1.14429e-02,3.16545e-02,3.62474e-02,4.50562e-01,1.71654e-01,2.03306e-02,1.90354e-02
2.30493e-01,1.63550e-02,2.92597e-02,4.92676e-01,2.60964e-02,1.84352e-02,5.99456e-02,7.84287e-02,4.83106e-02
1.94138e-01,1.94746e-02,2.51045e-01,8.73426e-02,6.64386e-02,1.85425e-02,3.41938e-02,2.93949e-01,3.48766e-02
6.20630e-02,1.55643e-02,2.29235e-02,2.85260e-01,7.11743e-02,2.52637e-01,0.00000e+00,3.01950e-02,2.60183e-01
9.97686e-02,2.10228e-01,1.46414e-02,6.23642e-02,1.88066e-01,1.54284e-01,2.49812e-01,2.08362e-02,0.00000e+00
2.29972e-01,1.15054e-01,4.86894e-02,1.58655e-02,1.37966e-01,2.70432e-01,1.04616e-01,1.87244e-02,5.86813e-02
6.11214e-03,3.56588e-01,8.68340e-03,3.40976e-01,0.00000e+00,1.10649e-01,1.65433e-02,3.65775e-02,1.23871e-01
1.36141e-01,2.53940e-01,4.49595e-03,5.72703e-02,3.46039e-02,2.04262e-02,8.06134e-02,3.91899e-01,2.06105e-02
7.78762e-02,8.82409e-02,5.66249e-02,2.38662e-01,1.20011e-01,1.99766e-01,7.13529e-02,1.07610e-01,3.98568e-02
2.91632e-01,1.10444e-02,0.00000e+00,1.03104e-01,2.30557e-02,2.94880e-01,8.32209e-02,1.53013e-01,4.00499e-02
2.59560e-03,6.82065e-03,2.72734e-02,1.53330e-01,2.16272e-02,4.56729e-02,2.71056e-01,2.44876e-01,2.26748e-01
3.92426e-01,6.76597e-03,0.00000e+00,2.68566e-01,1.17974e-02,9.69735e-02,8.57188e-03,1.63014e-01,5.18856e-02
3.01243e-01,0.00000e+00,4.06502e-01,1.61664e-02,2.08312e-02,1.16902e-01,1.12686e-01,6.65784e-03,1.90112e-02
1.23925e-01,5.36937e-02,1.85073e-02,9.33453e-02,3.11362e-02,9.81158e-02,1.67600e-01,1.31880e-02,4.00489e-01
7.25234e-02,3.03939e-01,7.69272e-03,5.09810e-03,9.54442e-02,4.40564e-02,2.07258e-01,5.32240e-02,2.10764e-01
1.00722e-01,6.77018e-02,2.79851e-02,1.53064e-02,0.00000e+00,3.25649e-01,6.86978e-02,3.67714e-01,2.62234e-02
2.49035e-01,1.65135e-02,3.80324e-02,9.62075e-02,1.73758e-02,5.64292e-02,2.44216e-01,6.21427e-02,2.20048e-01
2.13949e-01,1.89858e-01,3.02696e-02,7.62530e-02,1.28967e-01,1.50567e-01,1.09024e-01,0.00000e+00,1.01111e-01
2.85000e-02,3.35630e-03,3.00321e-02,1.38014e-01,1.77732e-01,2.35270e-02,2.32574e-01,2.76941e-01,8.93244e-02
1.55610e-01,4.49228e-02,2.15950e-03,0.00000e+00,3.60132e-02,2.99514e-02,5.45266e-01,4.59348e-02,1.40142e-01
9.04594e-02,3.95632e-01,2.66667e-02,5.01287e-02,2.04685e-01,9.98699e-02,1.75671e-03,6.33530e-02,6.74482e-02
1.98853e-01,2.62365e-02,2.70094e-02,2.11525e-01,1.52309e-01,1.08903e-01,4.56102e-02,1.99557e-01,2.99972e-02
1.32759e-02,0.00000e+00,3.12169e-02,2.13782e-02,6.91525e-02,4.68387e-01,3.27722e-01,4.28910e-02,2.59765e-02
4.73177e-02,2.14048e-01,2.45726e-02,1.24221e-02,2.63272e-03,2.55346e-01,2.55450e-02,1.62987e-01,2.55128e-01
1.31094e-01,9.92194e-02,1.78581e-01,1.03986e-01,4.65426e-02,1.02285e-01,5.72916e-02,1.72709e-01,1.08290e-01
2.99949e-02,2.03748e-03,1.09937e-01,3.90632e-02,9.58426e-02,2.14264e-01,1.17589e-01,2.98202e-01,9.30691e-02
1.81972e-03,3.15488e-02,7.20055e-03,2.04985e-01,3.16436e-01,1.19643e-01,1.47615e-01,4.30375e-02,1.27715e-01
1.49124e-01,3.22582e-02,1.42250e-01,2.42504e-02,1.12136e-01,1.98331e-01,1.41135e-01,1.70270e-01,3.02465e-02
2.46261e-02,6.72973e-02,3.53165e-02,5.73974e-02,1.11024e-02,0.00000e+00,3.96635e-01,7.49877e-03,4.00127e-01
2.53315e-01,1.95971e-02,5.14262e-02,6.67126e-02,7.45023e-02,2.01077e-01,1.75281e-01,4.69672e-02,1.11122e-01
1.29544e-01,3.55400e-03,3.19803e-02,1.08982e-03,3.38856e-02,2.11489e-01,2.42744e-01,1.45921e-02,3.31121e-01
1.46322e-01,3.11625e-02,3.16802e-01,3.49861e-02,1.14846e-03,3.27710e-01,2.49133e-02,9.19943e-02,2.49614e-02
1.94204e-01,1.46999e-01,2.05585e-02,2.77113e-01,3.73015e-02,5.24071e-02,5.63307e-02,1.35563e-01,7.95229e-02
1.46506e-03,5.87160e-01,1.32943e-01,4.67980e-02,8.43800e-03,2.59078e-02,5.19834e-02,2.22806e-02,1.23024e-01
2.69050e-01,0.00000e+00,1.95177e-01,1.00657e-01,6.34227e-02,1.83061e-01,5.40444e-03,1.82465e-02,1.64981e-01
6.39152e-02,3.01412e-02,4.01486e-02,1.61544e-01,2.45179e-02,1.75300e-01,2.29407e-01,2.23235e-01,5.17908e-02
8.17921e-02,3.53264e-02,4.18251e-02,2.59720e-02,2.27417e-01,1.30588e-01,2.68103e-01,9.12421e-02,9.77339e-02
9.62655e-02,2.09229e-02,1.91864e-02,8.33969e-02,3.57674e-01,3.21616e-01,7.26721e-02,2.82662e-02,0.00000e+00
1.98019e-02,4.47154e-02,1.13752e-01,1.26552e-01,3.18544e-02,6.30763e-02,3.85485e-01,9.06778e-02,1.24086e-01
0.00000e+00,2.81157e-03,0.00000e+00,1.87716e-02,0.00000e+00,1.91625e-01,3.28637e-01,2.85952e-03,4.55295e-01
0.00000e+00,2.12340e-01,6.64329e-03,2.63964e-02,3.32520e-01,1.23338e-01,2.01056e-01,2.61658e-02,7.15401e-02
2.97486e-01,0.00000e+00,1.06447e-01,2.54295e-01,1.53678e-01,1.48472e-02,0.00000e+00,8.00818e-02,9.31649e-02
4.00006e-02,1.73216e-01,1.09740e-02,1.12461e-01,2.02894e-01,1.74816e-01,2.07966e-01,2.77986e-02,4.98735e-02
6.88002e-02,3.20597e-02,2.43102e-02,4.47019e-03,6.26741e-02,5.01530e-02,2.87729e-01,2.23282e-01,2.46521e-01
0.00000e+00,2.78136e-02,2.40240e-01,7.67606e-03,2.39245e-01,4.51561e-03,2.33318e-01,4.97624e-02,1.97430e-01
1.34556e-01,5.44199e-03,0.00000e+00,4.39889e-02,3.97974e-01,2.37542e-01,6.54498e-02,1.14185e-02,1.03629e-01
1.68772e-01,6.07038e-02,2.39393e-01,1.88354e-01,5.40284e-02,8.55908e-03,1.82955e-01,2.72025e-02,7.00322e-02
0.00000e+00,3.04223e-03,0.00000e+00,7.15152e-02,1.62904e-02,3.43666e-01,4.04606e-01,1.49962e-01,1.09183e-02
3.61601e-02,2.69536e-01,2.59039e-01,2.26869e-02,7.19120e-03,9.10932e-02,1.89575e-01,8.94326e-02,3.52863e-02
7.10716e-02,3.92262e-02,2.58166e-01,2.08089e-02,2.40039e-03,1.53152e-01,2.55292e-01,6.04189e-02,1.39464e-01
4.49786e-03,0.00000e+00,2.08327e-02,1.46896e-02,0.00000e+00,9.58240e-02,3.52691e-01,0.00000e+00,5.11465e-01
7.38779e-02,6.10825e-02,2.55315e-01,1.55439e-01,2.15087e-01,7.40539e-02,3.05736e-02,8.53662e-02,4.92051e-02
1.53200e-01,2.62248e-03,5.42325e-02,1.05714e-01,9.51585e-02,2.40707e-01,1.31293e-01,1.24461e-01,9.26112e-02
4.24392e-03,9.31583e-02,2.47582e-02,4.95647e-02,1.38057e-02,1.18190e-01,3.19135e-01,8.29221e-02,2.94222e-01
2.20430e-01,1.81556e-01,0.00000e+00,4.18069e-02,2.89719e-03,2.20193e-01,9.14967e-02,2.08767e-01,3.28532e-02
7.87085e-02,1.90128e-02,1.95075e-02,2.29316e-01,0.00000e+00,4.41207e-02,2.63793e-01,2.64044e-01,8.14981e-02
2.97289e-01,1.65230e-03,4.29095e-01,1.14521e-01,0.00000e+00,1.07676e-02,3.38722e-02,5.13930e-02,6.14089e-02
2.58251e-01,2.46558e-02,4.00999e-02,4.98642e-02,5.92058e-02,2.02750e-01,1.07872e-01,2.57301e-01,0.00000e+00
3.79812e-01,0.00000e+00,1.51269e-02,7.60463e-02,0.00000e+00,2.29831e-02,1.43352e-02,4.58042e-01,3.36536e-02
1.09707e-01,1.69869e-02,3.06035e-02,2.73289e-01,1.50410e-02,8.07617e-02,3.22942e-02,3.74581e-01,6.67357e-02
9.75157e-02,1.00493e-01,2.93373e-02,8.78923e-02,0.00000e+00,3.15149e-01,2.97367e-01,7.11717e-02,1.07425e-03
4.59400e-01,2.54712e-02,2.21933e-02,3.19518e-01,1.91311e-03,7.77977e-02,5.04058e-02,3.73388e-02,5.96230e-03
1.50933e-01,2.27359e-01,1.39178e-01,3.50957e-02,1.51808e-02,1.57212e-01,1.27518e-01,1.21907e-01,2.56173e-02
5.33566e-02,2.56890e-02,7.86691e-03,1.14985e-02,7.25475e-02,5.67678e-02,1.09496e-01,4.81319e-01,1.81458e-01
4.07510e-02,2.37012e-02,3.48672e-01,5.12870e-02,0.00000e+00,8.88644e-02,5.50773e-02,2.70977e-02,3.64550e-01
2.79258e-01,1.64733e-02,2.22081e-02,4.59963e-02,3.47619e-03,8.64608e-02,2.08150e-01,2.81050e-01,5.69265e-02
9.81133e-02,2.74684e-01,2.77574e-02,1.20620e-01,0.00000e+00,5.74194e-02,2.38918e-01,9.90165e-03,1.72586e-01
2.20705e-01,7.81257e-02,7.59681e-02,2.12825e-02,3.51104e-01,7.28477e-02,6.27860e-02,1.94798e-02,9.77018e-02
2.52560e-01,2.49616e-02,1.41183e-02,1.57317e-01,2.61938e-02,0.00000e+00,1.31317e-01,1.96296e-01,1.97237e-01
1.15324e-01,2.27332e-02,1.54829e-02,3.65245e-01,8.68512e-02,1.16775e-01,1.60881e-01,9.39137e-02,2.27931e-02
3.46584e-02,2.75582e-02,4.05003e-02,0.00000e+00,1.29333e-01,2.47645e-02,6.36341e-02,1.00492e-01,5.79059e-01
3.56275e-02,7.38342e-02,1.17014e-02,3.20457e-02,3.44596e-01,3.51944e-01,7.35072e-02,5.40518e-02,2.26916e-02
1.05864e-02,1.10748e-01,2.50400e-02,4.32781e-02,2.04609e-01,3.30725e-01,1.95760e-01,3.45604e-02,4.46926e-02
1.52134e-01,9.84760e-02,1.87406e-02,1.24296e-01,9.27436e-02,2.89902e-02,9.14591e-02,2.14118e-01,1.79042e-01
1.69757e-02,9.32176e-02,0.00000e+00,3.92756e-01,0.00000e+00,0.00000e+00,4.51764e-02,3.27154e-01,1.24720e-01
2.19890e-01,2.30523e-02,1.24207e-01,2.16192e-01,0.00000e+00,1.82272e-01,7.78385e-02,1.21831e-01,3.47163e-02
8.82362e-02,5.14842e-01,6.08755e-02,7.12752e-02,1.25547e-02,6.51530e-02,4.81121e-02,4.39690e-02,9.49825e-02
1.61459e-01,2.08674e-02,1.91685e-01,2.19826e-01,3.65285e-03,7.00162e-02,7.86779e-02,8.41613e-02,1.69654e-01
2.49793e-02,9.49590e-02,0.00000e+00,4.29455e-02,2.52632e-01,3.31004e-01,2.06180e-01,5.57966e-03,4.17209e-02
2.18963e-01,5.04349e-03,0.00000e+00,1.88024e-01,5.06190e-02,2.64696e-01,1.97650e-01,1.72068e-02,5.77969e-02
6.74405e-02,9.11397e-02,1.16123e-01,3.30086e-02,4.43103e-01,9.44594e-02,3.72043e-02,5.07834e-02,6.67379e-02
3.12568e-02,1.35545e-01,7.28838e-03,2.10020e-02,4.22605e-01,2.31295e-01,2.78828e-02,9.64840e-04,1.22161e-01
4.54332e-01,4.72857e-03,9.19233e-02,1.20977e-01,7.89729e-02,3.11214e-02,5.24840e-02,1.55347e-01,1.01145e-02
2.17944e-01,0.00000e+00,4.25576e-01,6.74026e-02,8.51663e-02,1.03368e-01,3.19937e-02,5.75886e-02,1.09618e-02
1.18308e-01,0.00000e+00,7.01268e-03,4.42538e-02,6.52865e-02,2.60700e-01,2.31402e-01,2.67308e-02,2.46306e-01
6.38030e-02,4.30085e-03,1.79352e-01,2.18799e-01,7.69674e-02,3.95556e-02,1.61127e-01,1.23154e-01,1.32941e-01
3.35561e-01,6.51412e-03,1.94424e-02,1.12207e-01,1.33607e-02,4.29431e-01,5.30439e-02,2.55972e-02,4.84231e-03
3.35654e-03,5.83532e-01,0.00000e+00,1.57471e-02,1.14622e-01,7.83999e-02,1.07841e-01,6.28006e-02,3.37014e-02
2.00042e-01,1.11210e-02,9.71240e-02,9.75789e-03,4.18159e-02,1.98079e-01,2.26795e-01,9.83248e-02,1.16940e-01
1.46194e-01,6.10032e-02,1.09951e-02,1.61851e-02,5.46980e-02,2.23596e-01,1.04163e-01,3.83166e-01,0.00000e+00
1.61034e-01,3.12550e-02,1.04521e-01,1.49270e-01,3.56813e-01,8.29810e-02,6.65386e-02,4.75875e-02,0.00000e+00
1.90760e-01,5.23892e-02,1.69868e-02,6.15500e-03,2.49269e-01,2.07185e-01,1.42373e-02,6.27557e-03,2.56742e-01
2.26280e-01,1.92271e-01,3.76602e-02,2.52969e-01,5.18251e-03,7.12864e-02,3.34938e-02,2.08205e-02,1.60037e-01
1.32613e-01,1.09359e-01,4.59318e-02,2.91472e-02,2.89194e-01,1.44951e-01,9.99518e-02,7.51615e-02,7.36916e-02
1.81166e-01,8.28368e-02,3.87046e-02,1.26902e-01,1.46474e-01,3.93021e-02,1.31788e-01,1.77369e-01,7.54572e-02
9.43544e-02,1.01871e-01,4.92749e-02,1.05761e-01,6.84249e-02,1.93553e-01,6.76785e-02,8.29863e-03,3.10783e-01
1.55483e-01,6.22507e-02,6.34559e-02,6.88713e-02,1.89224e-01,6.60107e-02,7.55495e-02,1.09319e-01,2.09835e-01
0.00000e+00,0.00000e+00,3.69752e-02,2.60296e-01,5.15433e-02,1.20465e-01,1.75201e-01,3.54956e-01,5.62721e-04
2.73278e-01,0.00000e+00,8.34225e-02,1.10218e-01,1.94850e-01,1.38206e-02,3.42775e-02,2.50633e-01,3.95003e-02
1.86735e-01,9.49598e-02,4.59339e-02,3.16317e-01,3.55682e-04,5.41267e-02,7.33708e-02,1.75514e-01,5.26871e-02
5.88853e-02,0.00000e+00,1.14678e-01,1.93229e-01,5.13765e-02,4.48193e-02,3.23002e-01,1.14946e-01,9.90637e-02
1.50219e-01,2.67650e-01,0.00000e+00,7.97740e-03,2.19719e-02,7.96874e-04,4.90829e-01,5.41714e-02,6.38431e-03
7.85334e-02,4.49569e-02,1.31758e-02,6.86766e-02,1.88306e-01,2.68214e-01,0.00000e+00,2.83098e-01,5.50385e-02
2.51572e-02,1.06881e-01,9.03900e-02,4.34014e-02,1.73525e-01,9.14885e-02,2.93123e-01,0.00000e+00,1.76034e-01
2.84292e-02,1.14431e-01,1.65527e-01,3.29975e-02,2.76052e-01,2.88834e-02,1.35508e-01,7.37187e-02,1.44453e-01
1.42614e-01,6.38759e-02,9.46849e-02,1.82735e-01,1.10693e-01,1.10006e-01,1.16103e-01,1.06849e-01,7.24399e-02
6.85332e-02,3.39889e-01,6.54004e-03,1.46558e-01,3.02133e-01,4.48595e-02,1.91744e-02,2.51433e-02,4.71690e-02
1.51668e-01,0.00000e+00,4.84894e-02,2.55902e-01,1.79677e-02,6.52689e-02,2.37862e-01,1.11168e-01,1.11675e-01
1.49929e-01,1.39659e-01,5.16957e-02,0.00000e+00,1.40876e-01,8.78281e-02,3.43623e-02,1.23694e-01,2.71956e-01
2.85342e-01,4.37187e-02,1.76244e-02,2.16929e-01,0.00000e+00,1.21702e-01,1.06135e-01,1.48790e-01,5.97588e-02
4.37059e-03,2.41258e-02,2.46882e-01,8.61763e-02,6.51441e-02,1.43251e-01,1.63331e-01,6.03624e-02,2.06357e-01
2.28182e-01,3.82624e-03,1.29600e-01,1.65457e-02,5.11815e-02,2.21490e-01,1.38149e-01,1.99208e-01,1.18180e-02
2.86433e-01,6.81653e-02,3.12815e-01,6.97458e-02,9.37974e-02,6.27919e-02,8.07567e-02,1.95324e-02,5.96250e-03
1.45439e-01,4.32652e-02,4.32477e-02,7.17970e-02,1.40476e-01,3.63851e-01,1.35678e-01,2.47513e-02,3.14942e-02
1.09797e-02,4.69474e-01,7.53485e-03,0.00000e+00,2.36295e-01,4.44128e-02,3.36342e-02,8.12146e-03,1.89548e-01
1.12687e-01,4.97904e-03,3.61663e-01,5.65641e-02,4.24023e-02,1.07897e-01,3.14409e-02,1.84272e-01,9.80950e-02
3.91068e-02,4.89867e-02,2.85579e-01,9.33494e-02,1.14280e-01,7.77118e-02,1.38148e-01,1.02643e-01,1.00195e-01
4.20385e-02,2.26933e-02,0.00000e+00,1.61010e-01,5.22800e-02,2.17785e-01,3.07024e-01,8.18799e-02,1.15289e-01
1.79423e-01,1.27978e-02,6.66444e-02,2.16197e-01,0.00000e+00,1.42434e-02,2.01098e-01,8.96965e-02,2.19900e-01
6.20871e-02,7.46215e-04,3.66376e-03,2.56460e-02,5.79404e-02,1.95248e-01,2.41884e-01,2.92648e-01,1.20137e-01
1.95978e-02,4.46567e-02,6.44339e-03,0.00000e+00,6.66784e-02,2.50211e-01,2.89567e-01,2.88239e-02,2.94022e-01
1.37267e-02,3.02525e-01,4.65126e-02,3.99296e-02,8.15912e-02,4.73731e-02,2.34422e-01,4.83840e-02,1.85536e-01
2.95190e-02,9.15255e-02,4.29722e-02,8.39663e-02,3.20703e-02,1.06543e-01,3.03538e-01,9.30216e-04,3.08936e-01
2.23795e-03,1.09299e-01,2.99839e-02,0.00000e+00,3.52682e-01,2.08667e-01,1.14314e-01,3.31563e-02,1.49660e-01
6.97150e-02,1.14368e-01,9.53554e-02,2.14246e-01,3.59261e-01,8.01596e-02,1.42992e-02,5.25966e-02,0.00000e+00
1.46171e-01,0.00000e+00,1.22716e-01,1.85423e-01,2.61592e-03,3.11660e-01,1.72252e-01,0.00000e+00,5.91628e-02
4.31099e-01,2.16285e-02,0.00000e+00,3.97800e-01,1.61101e-03,2.67967e-02,2.92168e-02,6.43771e-02,2.74706e-02
9.05306e-02,1.86430e-02,4.45542e-02,3.10649e-02,1.30796e-01,4.97404e-01,1.42260e-01,4.47472e-02,0.00000e+00
1.80592e-01,5.40466e-03,7.84129e-03,3.60271e-01,1.68622e-02,4.03424e-03,9.56904e-02,2.00838e-01,1.28466e-01
7.34341e-02,1.30767e-01,7.52260e-03,7.25971e-02,6.05420e-01,3.86858e-02,5.19934e-03,4.35217e-02,2.28524e-02
1.25400e-01,1.76455e-01,1.93655e-02,9.70334e-02,1.05250e-01,1.28079e-01,1.46402e-01,1.03296e-01,9.87196e-02
8.00621e-03,6.13458e-03,3.13593e-01,2.28287e-01,2.47276e-02,1.35696e-01,1.97582e-01,5.69085e-02,2.90644e-02
1.27778e-01,9.73592e-03,6.62908e-02,4.81006e-02,8.98626e-02,3.52954e-01,4.13776e-02,2.40888e-01,2.30116e-02
3.53930e-02,1.15258e-01,5.20746e-02,6.67583e-02,1.13697e-01,1.18198e-01,8.18566e-02,2.00111e-01,2.16653e-01
1.26171e-01,1.42983e-01,4.48686e-02,1.58485e-01,9.73697e-02,1.57301e-01,1.16435e-01,9.18080e-02,6.45782e-02
2.52029e-01,2.01015e-02,5.14572e-02,1.09782e-01,0.00000e+00,2.44498e-01,2.49920e-01,5.17881e-02,2.04236e-02
9.26477e-04,6.71829e-02,1.38733e-02,2.83287e-01,4.19739e-02,3.95261e-02,3.09980e-01,1.17153e-01,1.26097e-01
2.14290e-01,1.83013e-01,4.17185e-02,2.44197e-02,2.04702e-01,2.01130e-01,5.87963e-02,5.88274e-02,1.31026e-02
2.48146e-01,4.26965e-02,5.32021e-02,8.79715e-02,5.87421e-02,1.17028e-01,9.16107e-02,2.72073e-01,2.85303e-02
1.71524e-01,0.00000e+00,7.45796e-02,2.13912e-01,0.00000e+00,4.78248e-02,1.27506e-01,1.74937e-01,1.89717e-01
3.07629e-01,0.00000e+00,9.67464e-02,2.85306e-01,2.79399e-03,1.86835e-01,1.04598e-01,1.59852e-02,1.07144e-04
1.69339e-01,6.76537e-02,7.45467e-02,1.44976e-01,2.02944e-01,8.29760e-02,1.40020e-01,7.30244e-02,4.45210e-02
1.05815e-01,1.00981e-02,1.33235e-03,1.48474e-02,1.99498e-01,5.89345e-01,2.75934e-02,1.15613e-02,3.99092e-02
4.08261e-02,0.00000e+00,1.91512e-01,2.35656e-01,3.01703e-02,2.16429e-01,2.10694e-01,3.58527e-02,3.88601e-02
1.44083e-01,1.03911e-01,4.52122e-02,1.69677e-01,2.41802e-01,8.96058e-02,4.90964e-02,7.86307e-02,7.79820e-02
1.04093e-01,1.04047e-01,1.95249e-01,1.61616e-01,4.33543e-02,1.68663e-01,1.68849e-01,1.50550e-02,3.90733e-02
1.73226e-02,7.94428e-03,6.21098e-03,3.75480e-02,1.51863e-01,1.52888e-01,1.27563e-01,3.89614e-02,4.59699e-01
1.64385e-02,8.60507e-03,5.61194e-04,9.41993e-03,0.00000e+00,3.08201e-02,1.14835e-01,0.00000e+00,8.19320e-01
6.74486e-02,2.69148e-01,6.70769e-02,4.67317e-02,3.14241e-01,1.54416e-02,7.87183e-02,3.75331e-02,1.03662e-01
2.74738e-01,1.15241e-02,3.95738e-02,2.11964e-01,1.24412e-02,1.45682e-01,4.33424e-02,2.01255e-01,5.94797e-02
4.37625e-02,2.24477e-02,0.00000e+00,5.75251e-04,7.48662e-02,2.68799e-02,1.31634e-01,7.14520e-03,6.92689e-01
2.98751e-01,8.99331e-02,2.21602e-01,2.56870e-02,1.05929e-02,1.26511e-01,1.46205e-01,7.52288e-04,7.99661e-02
1.00034e-01,3.69884e-02,5.76450e-01,3.72367e-03,6.35346e-02,6.42904e-03,1.02996e-02,4.14261e-02,1.61115e-01
2.17618e-02,4.45425e-02,9.21457e-03,1.62574e-01,1.02151e-02,5.44159e-02,2.89226e-01,6.44873e-04,4.07405e-01
2.56532e-01,1.70590e-02,1.15162e-02,2.42734e-02,7.19737e-02,3.83129e-01,9.38110e-02,4.04219e-02,1.01284e-01
1.86324e-01,7.66243e-02,1.12091e-02,1.58549e-01,9.15738e-04,1.31451e-01,2.22290e-01,1.13736e-01,9.89012e-02
0.00000e+00,3.13725e-01,5.20216e-02,6.41866e-03,2.79427e-04,5.92616e-02,3.33891e-01,1.64096e-01,7.03068e-02
4.45402e-02,0.00000e+00,2.40545e-03,8.00710e-01,2.08603e-02,4.19239e-02,1.99588e-02,2.53240e-02,4.42769e-02
1.97003e-01,0.00000e+00,0.00000e+00,1.98226e-01,5.15957e-02,1.96985e-01,2.44915e-01,7.09992e-02,4.02756e-02
3.85809e-02,7.81290e-02,3.88510e-02,1.24824e-01,2.58480e-01,2.96504e-01,1.44282e-01,1.29959e-02,7.35300e-03
2.79248e-01,3.33112e-01,1.18840e-01,8.43530e-02,0.00000e+00,4.35696e-02,3.45298e-02,1.90459e-02,8.73010e-02
0.00000e+00,2.34387e-01,3.76664e-02,3.43029e-02,2.15108e-01,2.43473e-01,2.58907e-02,4.88584e-02,1.60313e-01
7.11460e-02,1.18808e-02,7.88229e-01,6.42100e-02,0.00000e+00,7.93202e-03,4.41700e-02,7.87463e-04,1.16448e-02
1.65067e-01,5.17323e-02,1.39527e-02,8.76567e-02,6.18266e-02,2.13423e-01,2.11018e-01,1.48454e-01,4.68701e-02
7.70566e-02,2.02860e-01,7.58680e-03,2.27205e-02,3.13733e-01,1.07118e-01,1.95654e-01,0.00000e+00,7.32710e-02
3.04367e-02,7.40188e-03,3.87126e-01,3.12255e-01,1.12839e-02,5.54101e-02,9.70336e-02,9.90527e-02,0.00000e+00
2.04198e-01,2.44297e-02,2.02680e-02,2.22156e-02,5.71438e-02,1.02996e-01,4.84693e-01,6.40382e-02,2.00176e-02
1.11194e-03,3.97599e-01,2.05622e-02,1.43293e-03,4.54087e-02,8.30292e-02,2.64519e-01,1.78131e-01,8.20656e-03
1.58200e-01,8.36075e-02,7.41339e-03,1.34203e-01,2.12869e-01,1.45424e-01,2.08142e-02,3.07689e-02,2.06700e-01
3.49304e-02,5.20388e-01,8.45682e-03,1.45679e-02,1.57642e-01,0.00000e+00,1.72167e-02,2.46798e-01,0.00000e+00
2.49219e-01,2.83538e-02,2.24325e-01,7.56758e-02,1.83969e-02,1.18952e-01,2.95488e-02,2.34295e-01,2.12331e-02
1.58670e-01,4.63847e-02,1.96632e-01,2.09461e-01,8.91567e-02,2.29240e-03,1.05584e-01,9.37264e-02,9.80936e-02
3.23943e-01,6.03905e-03,9.38768e-02,6.74569e-02,2.87543e-03,3.12773e-01,0.00000e+00,3.83909e-02,1.54645e-01
2.07281e-01,4.76190e-03,2.76714e-01,6.28688e-02,1.61177e-01,1.40375e-01,7.22682e-02,0.00000e+00,7.45540e-02
1.77276e-01,1.25148e-03,4.53578e-02,5.98917e-02,3.01091e-02,3.34328e-01,1.52774e-01,1.84551e-01,1.44612e-02
1.67380e-01,4.16372e-02,6.56968e-03,1.60973e-01,1.70281e-01,1.45182e-01,8.60171e-02,8.09600e-02,1.41000e-01
1.56262e-01,2.42916e-02,3.78229e-01,1.77256e-02,3.13443e-02,3.29378e-02,2.33065e-02,8.60147e-02,2.49888e-01
1.33077e-01,1.45332e-01,1.85881e-02,8.87047e-02,1.41279e-01,6.75842e-02,2.38008e-01,6.41135e-02,1.03314e-01
3.21714e-01,7.04649e-02,1.34392e-01,5.45620e-02,3.76531e-02,1.51292e-02,1.43739e-01,1.64198e-01,5.81485e-02
0.00000e+00,8.89226e-01,3.09639e-02,3.53784e-03,4.99439e-03,0.00000e+00,5.26561e-03,1.00617e-02,5.59507e-02
2.12860e-01,2.65172e-02,1.88582e-01,1.07217e-01,2.70939e-02,7.46040e-02,1.04157e-01,1.93516e-01,6.54544e-02
2.52513e-02,4.77494e-02,2.64606e-01,1.42873e-01,1.28703e-01,6.96312e-02,1.79259e-01,3.65246e-02,1.05401e-01
3.88797e-02,3.21781e-02,2.16970e-02,1.62920e-02,8.95007e-02,3.18493e-01,2.35301e-01,1.67459e-01,8.02000e-02
8.29587e-02,4.77610e-02,8.75301e-03,1.26527e-01,1.99744e-01,2.23731e-02,2.12207e-01,3.30607e-02,2.66615e-01
1.33253e-01,1.66410e-01,1.94117e-01,3.52031e-02,8.88951e-02,1.61231e-01,1.55716e-01,6.51751e-02,0.00000e+00
1.04809e-01,3.99804e-02,3.90924e-03,5.36821e-02,1.07724e-01,2.67614e-01,2.62157e-01,1.45605e-01,1.45188e-02
1.66306e-01,1.73049e-01,5.63042e-02,1.94707e-01,4.48341e-02,9.45525e-02,2.29980e-01,3.62105e-02,4.05636e-03
4.57148e-02,3.53351e-02,6.44632e-02,3.19897e-02,1.38006e-01,1.04859e-01,3.46916e-01,7.89510e-02,1.53765e-01
2.79999e-01,3.11813e-02,0.00000e+00,2.72769e-01,1.79707e-02,0.00000e+00,1.03685e-01,2.85068e-01,9.32712e-03
1.55660e-01,5.90051e-02,9.67992e-02,3.45639e-02,1.64444e-01,1.10103e-01,4.51845e-02,1.02518e-01,2.31722e-01
1.31797e-01,5.97091e-01,0.00000e+00,1.18184e-02,2.10853e-02,9.10665e-02,6.38834e-02,5.71935e-02,2.60654e-02
3.21716e-02,1.19174e-01,1.42482e-02,6.77600e-02,7.39061e-02,2.02130e-01,2.37660e-01,2.80084e-02,2.24942e-01
1.38984e-01,1.04112e-01,1.18410e-02,7.19589e-02,2.92446e-01,4.77217e-02,2.22728e-02,4.74323e-02,2.63231e-01
4.25622e-02,2.50563e-02,1.69425e-01,7.60995e-02,1.66609e-01,3.29314e-01,1.06864e-01,4.47552e-02,3.93140e-02
4.59197e-02,0.00000e+00,2.33033e-03,2.87382e-02,3.12568e-01,1.29855e-01,1.41215e-02,4.42372e-02,4.22230e-01
2.23655e-01,2.68149e-02,6.97766e-02,1.76364e-01,1.23500e-01,4.55898e-02,1.43285e-01,1.32490e-01,5.85238e-02
0.00000e+00,1.09235e-01,5.98400e-03,1.25630e-01,1.88465e-01,3.48496e-03,1.78917e-01,2.70700e-01,1.17583e-01
1.04461e-01,1.01016e-02,3.11353e-02,4.91717e-02,2.95569e-02,5.65868e-01,1.91855e-01,1.78500e-02,0.00000e+00
2.65719e-02,5.03465e-01,1.48054e-03,2.88444e-01,2.60129e-02,1.49532e-02,1.06007e-01,1.93539e-03,3.11301e-02
2.31714e-01,8.41886e-02,1.46889e-02,3.46356e-03,1.23235e-01,6.16071e-04,2.01803e-01,1.10485e-01,2.29805e-01
3.88897e-02,2.89719e-02,2.01900e-02,1.64922e-01,2.65261e-01,3.19929e-02,1.96323e-01,1.85969e-02,2.34852e-01
2.25620e-01,4.63583e-02,2.72910e-01,3.01439e-02,4.60566e-02,2.62957e-02,4.15828e-02,5.90949e-02,2.51938e-01
9.68090e-03,8.86287e-02,3.86999e-03,3.93461e-03,0.00000e+00,1.98350e-01,2.32397e-01,2.43103e-01,2.20036e-01
2.15174e-01,4.03657e-02,3.61026e-03,2.95753e-01,8.23322e-02,5.98034e-02,1.04972e-01,1.93716e-01,4.27310e-03
2.14870e-01,9.52340e-02,1.62967e-02,5.61838e-02,2.83917e-01,3.79298e-02,2.50083e-02,4.48129e-02,2.25747e-01
3.81841e-03,2.98003e-01,6.98937e-02,3.57860e-04,9.50498e-02,7.58288e-02,1.78822e-01,2.55117e-01,2.31101e-02
2.65188e-01,4.90025e-02,1.62972e-01,1.79368e-01,3.02970e-02,1.03923e-01,0.00000e+00,1.98865e-01,1.03847e-02
1.94777e-01,2.24387e-02,3.01941e-01,5.58452e-03,2.66433e-01,3.43344e-02,1.16216e-01,1.30542e-02,4.52216e-02
4.14513e-02,2.62861e-02,1.73072e-02,2.49404e-02,1.23446e-02,3.35769e-02,1.84946e-01,1.92095e-01,4.67053e-01
1.54445e-01,1.10466e-01,2.13100e-01,7.54858e-02,9.73482e-02,8.54111e-02,1.80843e-01,6.79320e-02,1.49692e-02
3.05022e-01,1.47567e-02,3.06146e-02,3.03040e-02,8.90856e-02,3.81652e-02,1.68081e-01,3.04065e-01,1.99054e-02
1.34401e-01,2.69832e-02,1.72515e-03,2.75807e-01,8.22306e-03,4.14761e-03,2.35394e-01,2.92910e-01,2.04095e-02
1.02050e-03,8.10740e-01,1.76715e-02,8.90279e-02,1.48939e-02,1.73939e-02,0.00000e+00,0.00000e+00,4.92523e-02
3.98987e-02,5.38072e-02,5.51623e-03,2.14385e-03,2.09406e-01,1.79610e-02,1.42526e-01,2.84420e-01,2.44322e-01
1.53455e-01,3.87354e-02,1.34602e-01,2.45772e-01,6.26408e-02,6.74270e-02,2.06955e-01,8.41830e-02,6.22915e-03
3.90096e-01,8.19438e-02,3.72907e-02,9.80500e-02,1.84649e-02,6.82621e-02,1.05923e-01,1.02799e-01,9.71703e-02
1.53439e-01,3.67349e-02,2.87366e-01,4.66860e-02,0.00000e+00,6.81417e-02,1.92431e-01,1.30997e-01,8.42053e-02
1.45400e-01,3.09266e-02,1.43053e-02,7.31062e-02,1.83667e-02,3.74003e-01,3.13493e-01,3.03989e-02,0.00000e+00
2.15781e-01,5.42992e-02,2.55834e-01,2.46707e-01,3.20713e-02,1.01795e-01,0.00000e+00,8.67394e-02,6.77313e-03
2.24794e-01,3.01242e-02,1.91793e-02,2.76917e-01,1.83848e-02,7.77596e-02,1.10404e-01,1.83186e-01,5.92517e-02
2.04537e-01,1.98632e-02,1.95479e-02,2.62716e-01,5.91022e-02,8.17832e-02,2.47966e-01,3.51963e-02,6.92888e-02
6.86884e-02,6.06073e-02,1.39071e-01,7.23407e-02,5.68384e-02,1.74511e-01,2.14470e-01,5.89180e-03,2.07581e-01
0.00000e+00,0.00000e+00,0.00000e+00,4.16318e-03,3.58026e-01,3.97163e-01,7.85889e-02,4.71565e-03,1.57343e-01
6.81999e-02,3.72661e-02,1.04753e-02,8.85437e-02,1.78452e-02,2.55782e-01,1.92491e-01,2.76427e-01,5.29693e-02
8.99043e-02,4.12542e-02,2.09090e-01,1.84077e-01,5.00067e-02,8.59777e-02,1.57949e-01,1.54485e-01,2.72564e-02
2.26577e-01,2.03333e-02,1.97548e-02,2.58790e-02,5.33323e-02,2.61059e-03,5.98219e-01,7.36882e-03,4.59248e-02
9.53634e-02,1.42755e-02,2.12533e-01,2.46809e-01,1.20292e-02,1.13020e-02,2.05372e-01,1.37268e-01,6.50483e-02
9.96931e-03,0.00000e+00,2.27556e-02,0.00000e+00,1.41861e-02,8.87900e-02,1.18068e-01,0.00000e+00,7.46231e-01
1.89231e-01,5.53855e-03,2.37745e-02,1.23889e-01,7.23376e-02,3.33248e-01,4.96646e-02,4.23754e-02,1.59941e-01
3.56023e-03,9.21303e-02,2.01604e-01,1.22719e-01,1.76092e-01,1.19587e-01,2.56606e-01,2.77018e-02,0.00000e+00
5.56951e-02,3.98928e-03,1.31710e-02,4.37502e-02,5.11086e-01,1.36737e-01,2.18924e-01,0.00000e+00,1.66477e-02
1.50304e-02,6.69391e-01,1.02395e-02,3.90359e-02,4.29742e-03,1.24441e-01,4.24644e-02,6.79323e-02,2.71673e-02
2.22237e-01,8.66089e-02,3.48416e-03,1.72395e-01,1.05566e-01,1.25232e-02,8.58347e-02,2.87895e-01,2.34550e-02
3.89122e-01,1.81459e-02,4.82728e-02,1.91004e-01,1.40076e-01,7.45240e-03,1.87292e-01,1.86344e-02,0.00000e+00
2.28586e-01,1.94868e-01,1.66813e-01,2.42925e-02,1.68646e-01,1.13166e-02,7.48896e-02,6.03607e-02,7.02270e-02
2.30149e-02,1.86379e-02,0.00000e+00,3.82155e-01,3.04269e-02,0.00000e+00,8.77880e-03,5.29032e-01,7.95468e-03
1.42128e-01,1.29330e-02,0.00000e+00,2.38099e-01,3.29446e-02,9.69311e-02,9.19376e-02,2.21680e-01,1.63346e-01
0.00000e+00,5.55543e-01,2.63458e-02,2.88013e-02,2.33089e-01,8.50367e-02,5.47692e-02,1.66178e-03,1.47532e-02
1.31720e-01,1.40726e-02,7.83567e-02,1.90910e-01,3.26820e-01,3.34623e-03,5.46327e-02,6.31806e-02,1.36962e-01
9.14532e-02,9.28097e-02,5.82780e-02,2.30135e-01,1.05579e-01,1.91234e-01,1.20493e-01,6.47382e-02,4.52800e-02
9.89968e-02,1.70292e-01,1.85606e-01,1.07969e-01,1.49224e-01,6.73484e-02,1.54379e-01,0.00000e+00,6.61842e-02
2.24408e-01,3.67650e-02,2.23241e-01,5.65681e-02,3.87093e-03,1.53071e-03,1.06902e-01,6.39346e-02,2.82779e-01
0.00000e+00,5.01044e-01,6.69674e-03,7.00448e-02,1.21634e-02,6.69946e-02,6.95712e-02,3.63150e-02,2.37170e-01
3.43314e-02,0.00000e+00,1.17500e-02,1.53533e-03,0.00000e+00,1.06987e-01,2.18338e-01,5.11596e-04,6.26547e-01
8.98717e-02,5.22757e-01,2.48102e-02,9.46322e-02,1.39159e-01,1.23236e-03,7.13215e-02,1.30312e-03,5.49134e-02
1.20735e-03,2.32713e-01,3.87615e-02,7.13844e-02,3.01496e-01,1.64561e-01,5.68712e-02,8.97260e-02,4.32793e-02
3.67073e-03,3.47181e-02,1.29840e-02,1.80494e-01,3.09614e-02,3.21039e-01,2.73562e-01,3.53624e-02,1.07208e-01
1.62497e-02,2.88121e-02,6.83290e-03,8.60404e-04,2.20569e-01,5.06648e-02,1.59514e-01,1.51837e-02,5.01313e-01
1.53626e-01,2.84011e-01,5.71270e-02,4.95420e-02,2.33127e-01,4.82239e-02,0.00000e+00,9.30875e-03,1.65035e-01
8.08123e-02,2.00792e-02,4.10596e-02,1.05972e-01,7.19517e-03,2.62389e-01,3.47527e-02,5.52967e-02,3.92443e-01
3.80849e-03,2.16084e-02,0.00000e+00,4.11474e-02,8.48008e-02,2.89804e-01,2.55005e-01,5.77762e-02,2.46049e-01
1.42785e-01,1.28334e-02,8.21280e-04,1.11111e-01,2.48153e-02,3.24263e-01,2.73725e-01,1.12966e-02,9.83494e-02
2.23996e-02,3.56923e-01,1.79354e-02,3.69086e-02,8.54179e-02,4.36684e-02,2.71355e-01,1.35511e-01,2.98810e-02
4.39883e-02,1.74477e-02,2.90654e-01,2.20957e-01,6.01656e-02,0.00000e+00,1.90029e-02,2.03377e-01,1.44406e-01
2.09362e-01,8.27106e-02,2.93555e-02,3.61739e-02,1.01302e-01,2.57691e-01,1.66127e-01,1.88167e-02,9.84622e-02
1.55456e-01,2.71327e-02,1.12811e-02,2.16918e-03,3.25959e-01,2.49585e-01,1.61712e-01,6.76247e-03,5.99427e-02
1.74574e-02,3.17276e-01,2.04639e-02,4.09056e-03,4.62699e-04,2.17315e-01,1.06346e-01,1.79773e-03,3.14791e-01
2.95007e-01,1.19069e-01,1.54128e-02,2.47700e-01,2.88954e-02,3.39391e-02,1.13876e-01,1.31976e-01,1.41253e-02
2.24879e-02,2.46321e-01,1.15940e-02,2.99214e-02,1.22340e-01,2.29226e-01,2.08905e-01,2.26654e-02,1.06539e-01
1.16737e-01,1.87051e-02,2.82170e-01,2.73075e-03,6.91455e-02,1.51427e-01,1.72121e-02,8.99238e-02,2.51949e-01
1.14176e-01,7.88516e-01,2.93442e-03,1.32920e-02,2.14290e-02,1.56078e-02,3.73510e-02,5.60819e-03,1.08523e-03
2.28445e-01,7.53000e-02,1.89978e-01,4.40098e-02,9.16294e-04,1.62778e-01,2.35672e-01,4.42257e-02,1.86759e-02
1.01789e-01,5.32409e-02,2.10802e-02,4.10176e-02,9.72766e-02,3.85400e-01,1.53237e-01,3.10244e-03,1.43857e-01
1.83061e-01,4.32619e-02,2.29282e-01,6.03605e-02,2.21033e-02,1.63850e-01,1.18506e-01,1.31414e-01,4.81602e-02
3.96412e-02,6.93540e-01,7.43711e-04,6.37710e-02,7.24227e-02,1.60906e-02,0.00000e+00,5.03639e-02,6.34274e-02
8.34090e-02,2.76355e-01,1.86483e-02,6.33274e-02,9.20747e-02,1.27775e-01,2.95025e-01,9.21249e-03,3.41723e-02
2.26324e-01,3.10397e-02,6.71305e-02,4.32345e-03,0.00000e+00,2.96877e-01,1.21299e-01,2.63558e-02,2.26651e-01
3.28449e-01,1.30500e-01,7.52163e-02,1.52191e-01,1.01246e-01,3.62835e-02,8.76396e-02,4.21490e-02,4.63258e-02
2.93131e-02,3.12564e-02,1.91262e-01,1.85050e-01,6.14142e-02,2.34951e-01,1.97988e-01,3.39142e-02,3.48505e-02
1.74413e-01,2.45237e-02,2.15215e-01,6.50506e-02,4.34863e-02,2.92963e-01,1.08410e-01,6.05548e-03,6.98835e-02
1.29099e-01,1.23969e-01,4.72521e-01,4.73903e-02,8.80781e-03,4.15782e-02,1.24126e-01,2.22134e-02,3.02948e-02
1.02556e-01,1.95664e-02,2.54945e-01,4.24043e-01,6.85076e-02,1.22564e-02,3.16897e-02,3.91867e-02,4.72495e-02
1.30000e-01,5.34806e-02,4.27429e-02,1.52038e-01,1.28400e-01,1.20825e-01,1.81210e-01,8.11863e-02,1.10116e-01
5.96806e-03,0.00000e+00,0.00000e+00,2.22047e-01,0.00000e+00,6.44612e-03,2.81817e-01,2.06139e-01,2.77582e-01
2.19618e-01,1.38155e-02,1.09938e-01,3.41635e-02,5.93683e-02,6.90317e-02,1.81678e-01,4.54160e-02,2.66971e-01
6.31016e-02,6.41999e-02,5.94018e-02,4.44427e-02,4.92770e-02,3.18848e-01,2.42644e-01,2.98449e-02,1.28239e-01
1.09712e-01,5.87764e-02,2.09773e-03,9.32444e-02,2.55343e-01,2.57348e-01,7.36844e-03,6.42639e-02,1.51846e-01
4.15606e-01,3.96569e-02,5.53323e-03,3.42733e-01,5.24038e-03,3.26385e-02,6.93156e-02,5.87332e-02,3.05426e-02
2.47431e-01,1.08544e-03,3.01516e-01,4.27265e-02,2.38096e-01,6.62883e-02,2.50338e-02,4.09801e-02,3.68421e-02
6.22228e-03,2.23495e-02,2.66601e-01,7.55869e-02,4.95854e-03,8.25251e-02,2.18850e-01,1.32971e-01,1.89936e-01
8.69982e-02,2.99931e-01,2.11927e-02,3.31837e-02,2.20737e-01,2.66689e-03,6.02532e-02,1.70284e-01,1.04753e-01
1.00622e-01,2.02650e-01,6.78544e-02,1.20970e-02,1.82803e-01,6.29644e-02,4.31956e-02,1.35041e-01,1.92774e-01
2.13495e-02,3.25144e-02,4.54679e-04,2.15250e-02,1.49224e-01,1.78257e-01,3.05727e-01,6.32398e-02,2.27709e-01
9.18040e-02,5.75082e-03,1.06673e-02,1.86449e-02,1.21351e-01,2.57781e-01,2.65162e-01,1.29602e-02,2.15878e-01
1.90265e-01,1.92467e-01,5.93426e-03,7.66205e-02,1.21489e-01,1.40801e-01,9.67410e-02,1.01517e-01,7.41647e-02
8.31924e-02,7.54404e-03,6.35087e-02,1.34751e-01,0.00000e+00,3.40208e-02,2.25330e-01,4.22920e-01,2.87341e-02
7.00428e-02,3.01822e-02,1.31335e-02,6.07131e-02,2.99608e-01,2.19063e-01,2.36283e-01,2.25272e-02,4.84467e-02
2.11965e-01,0.00000e+00,1.35129e-01,1.32085e-01,3.22486e-02,1.71832e-02,1.96438e-01,4.15509e-02,2.33401e-01
2.00739e-01,6.08046e-02,3.60029e-02,1.88157e-01,2.04957e-02,8.20770e-02,7.79414e-02,2.67969e-01,6.58131e-02
2.91585e-01,0.00000e+00,5.45753e-02,2.26451e-01,0.00000e+00,0.00000e+00,9.95464e-02,8.65592e-02,2.41283e-01
2.01042e-01,6.96883e-02,1.45016e-01,1.04324e-01,1.62600e-01,5.05851e-02,8.07276e-02,1.72625e-01,1.33915e-02
3.26256e-01,1.44299e-02,0.00000e+00,5.26046e-04,2.54284e-01,6.50937e-02,8.03005e-03,3.31381e-01,0.00000e+00
1.41945e-01,5.23293e-03,2.68601e-01,1.14110e-01,3.42166e-03,1.80758e-01,1.37748e-01,7.63058e-02,7.18777e-02
3.79264e-01,1.19018e-01,1.79674e-02,3.09123e-01,2.28251e-02,1.25084e-01,2.58775e-02,0.00000e+00,8.40901e-04
4.95643e-02,1.72357e-01,7.17646e-02,9.08983e-02,1.93180e-01,7.63980e-02,1.15881e-01,1.56384e-01,7.35723e-02
2.66529e-01,5.44523e-02,7.87422e-02,2.66185e-01,2.33826e-03,1.68675e-01,4.30996e-02,1.04844e-02,1.09494e-01
8.55064e-02,3.43912e-02,1.64196e-02,8.33797e-01,0.00000e+00,1.48651e-03,0.00000e+00,0.00000e+00,2.83992e-02
2.63156e-01,5.97998e-02,2.58042e-03,2.33483e-01,1.08556e-01,0.00000e+00,2.31723e-01,4.14877e-03,9.65525e-02
1.30969e-02,4.07272e-01,4.04285e-01,2.87675e-02,4.72588e-02,3.79226e-02,0.00000e+00,0.00000e+00,6.13972e-02
1.06178e-01,0.00000e+00,3.46004e-02,1.97861e-01,2.10477e-01,8.84861e-02,1.23933e-01,5.51621e-02,1.83303e-01
4.77148e-02,2.72458e-01,1.50271e-02,1.63022e-03,3.48570e-01,2.46990e-01,4.89247e-02,1.86844e-02,0.00000e+00
9.21795e-02,1.41882e-01,2.31206e-03,5.42992e-02,6.63194e-02,2.30577e-01,1.93444e-01,7.63648e-02,1.42622e-01
1.79521e-01,3.45207e-03,5.27966e-02,6.76108e-02,6.33420e-03,2.64638e-01,1.53109e-01,2.60461e-01,1.20774e-02
8.29480e-02,2.22004e-01,6.23482e-03,7.72990e-02,3.66702e-01,4.84366e-02,9.42119e-02,7.59898e-02,2.61738e-02
5.10093e-02,1.36775e-01,8.32474e-04,3.52734e-02,2.45383e-01,2.53059e-01,2.59327e-01,1.35740e-02,4.76700e-03
9.60532e-02,6.47394e-01,7.07733e-03,1.74942e-02,3.50140e-02,4.98116e-02,3.92878e-02,9.29236e-02,1.49439e-02
0.00000e+00,1.29068e-01,1.03292e-01,2.40125e-02,1.03705e-01,2.86788e-01,7.48868e-02,2.34220e-01,4.40271e-02
2.79835e-01,0.00000e+00,0.00000e+00,4.59558e-01,5.69142e-02,5.55524e-04,1.52703e-02,1.64309e-01,2.35590e-02
